     1    6        -1         1          25           5          -5          21                                                              
     2    6        -1        21          25           5          -5          -1                                                              
     3    6         1        -1          25           5          -5          21                                                              
     4    6         1        21          25           5          -5           1                                                              
     5    6        -2         2          25           5          -5          21                                                              
     6    6        -2        21          25           5          -5          -2                                                              
     7    6         2        -2          25           5          -5          21                                                              
     8    6         2        21          25           5          -5           2                                                              
     9    6        -4         4          25           5          -5          21                                                              
    10    6        -4        21          25           5          -5          -4                                                              
    11    6         4        -4          25           5          -5          21                                                              
    12    6         4        21          25           5          -5           4                                                              
    13    6        -3         3          25           5          -5          21                                                              
    14    6        -3        21          25           5          -5          -3                                                              
    15    6         3        -3          25           5          -5          21                                                              
    16    6         3        21          25           5          -5           3                                                              
    17    6        21        -1          25           5          -5          -1                                                              
    18    6        21         1          25           5          -5           1                                                              
    19    6        21        -2          25           5          -5          -2                                                              
    20    6        21         2          25           5          -5           2                                                              
    21    6        21        -4          25           5          -5          -4                                                              
    22    6        21         4          25           5          -5           4                                                              
    23    6        21        -3          25           5          -5          -3                                                              
    24    6        21         3          25           5          -5           3                                                              
    25    6        21        21          25           5          -5          21                                                              
